seed-to-soil map:
{(3900312676, 3905942343), (1284963, 13845428), (1219676803, 1229679855), (291763704, 469662165), (494259693, 891614103), (2917625223, 3177970305), (136674754, 243857537), (3489262449, 3711513017), (1554280164, 1770531522), (2315397239, 2643126952)}

soil-to-fertilizer map:
{(136674754, 243857537), (1554280164, 1770531522), (1284963, 13845428), (2315397239, 2643126952), (1219676803, 1229679855), (3489262449, 3711513017), (494259693, 891614103), (291763704, 469662165), (3900312676, 3905942343), (2917625223, 3177970305)}
[3308672572, 2866396306, 20953853], [3622783763, 1954868220, 45665001], [2516210021, 2142630093, 85515565], [3757511944, 4236759076, 58208220], [3214983833, 2048323851, 93688739], [2798479776, 967833905, 36727600], [1897698334, 3827766493, 333942393], [910271444, 3030771176, 70771974], [3549978104, 3678131267, 33029785], [4251908384, 3483784779, 43058912], [1732204351, 2699317952, 132331888], [4240712808, 2423731337, 1828518], [2601725586, 1531355997, 196754190], [4060705901, 1494770107, 36585890], [875524978, 2831649840, 34746466], [2369951669, 1808609868, 146258352], [1462304392, 3134705245, 20323420], [3329626425, 2142012590, 617503], [981043418, 749361185, 218472720], [67314744, 0, 262295201], [4242541326, 4227392018, 9367058], [3330243928, 2694462608, 4855344], [329609945, 374258139, 83700545], [4097291791, 2887350159, 143421017], [3214946102, 1494732376, 37731], [0, 262295201, 34634737], [3709721314, 2000533221, 47790630], [1864536239, 3101543150, 33162095], [3949194199, 3566619565, 111511702], [2835207376, 3155028665, 271883030], [749361185, 1368568583, 126163793], [3668448764, 1219440337, 41272550], [3335099272, 1004561505, 214878832], [1316121579, 1728110187, 80499681], [2231640727, 2675136394, 19326214], [1482627812, 2425559855, 249576539], [1396621260, 4161708886, 65683132], [3583007889, 3526843691, 39775874], [413310490, 329609945, 44648194], [34634737, 296929938, 32680007], [3107090406, 1260712887, 107855696], [2250966941, 2228145658, 118984728], [1199516138, 3711161052, 116605441], [3815720164, 3426911695, 56873084], [3872593248, 2347130386, 76600951], 
fertilizer-to-water map:
{(2338218522, 2369951669), (4257386054, 4294967296), (3668685230, 3678688282), (203989498, 311172281), (981043418, 1123296336), (3566619565, 3711161052), (1482627812, 1700194909), (2423731337, 2425559855), (4127566855, 4240712808), (1199516138, 1199868103), (3583007889, 3622783763), (3030771176, 3155028665), (1316121579, 1358542914), (329609945, 469662165), (1970244517, 1975874184), (2624649753, 2798479776), (3872593248, 3949194199), (29468503, 34634737), (68599707, 81160172), (2835207376, 2858149016), (34634737, 67314744), (494259693, 749361185)}
[1418720561, 2540913327, 78996148], [3623592698, 3912154743, 382812553], [1389184545, 2619909475, 29536016], [976034409, 1008691842, 1136514], [977170923, 987370593, 21321249], [58558242, 763350919, 154125248], [1819561283, 2841304997, 237877444], [3182207211, 2119363521, 157025339], [2057563716, 1221487606, 435495557], [1221487606, 2673608058, 167696939], [2493059273, 3079182441, 511127728], [4030567818, 2276513849, 264399478], [4006405251, 2649445491, 24162567], [3004187001, 1656983163, 178020210], [998492172, 976034409, 11336184], [212683490, 0, 763350919], [2057438727, 2276388860, 124989], [1497716709, 3590310169, 321844574], [3339232550, 1835003373, 284360148], [0, 917476167, 58558242], 
water-to-light map:
{(1221487606, 1346359324), (3004187001, 3047398747), (1497716709, 1618567592), (2152197689, 2194619024), (4092272491, 4124005638), (706943183, 962044675), (1393924823, 1418720561), (242151993, 247318227), (3968824009, 4006405251), (1819561283, 1836405302), (1383086924, 1389184545), (1576091770, 1586094822), (3474473694, 3480103361), (987370593, 1123296336), (416672988, 523855771), (2980496397, 3004187001), (281283197, 293843662), (2996884721, 3004187001), (1003501181, 1009828356), (2493059273, 2568905497), (3623592698, 3660632154), (2009027462, 2057438727), (4177785306, 4179613824), (4006405251, 4030567818), (542293435, 682345655), (1779999788, 1819561283), (3839004810, 3952150763), (1497716709, 1530190303), (1199516138, 1199868103), (2318703922, 2493059273), (247318227, 279998234)}
[0, 643275207, 174633907], [1085156732, 1443065767, 85008355], [1568899262, 1421005518, 22060249], [3455252239, 1752307040, 373165778], [3094480335, 3707305578, 360771904], [174633907, 0, 77740491], [1170165087, 293343726, 349931481], [2953301907, 3563944731, 141178428], [1523857992, 1528074122, 45041270], [3828418017, 2355725650, 21816275], [252374398, 77740491, 188270615], [1626753532, 4068077482, 180480134], [3850234292, 2125472818, 148728292], [1830219114, 2377541925, 1123082793], [4231647283, 3500624718, 63320013], [1520096568, 1397238387, 3761424], [3998962584, 2274201110, 81524540], [4185237603, 4248557616, 46409680], [1047306906, 1573115392, 37849826], [4080487124, 1647556561, 104750479], [1590959511, 1400999811, 20005707], [440645013, 1177871937, 219366450], [1807233666, 3705123159, 2182419], [660011463, 817909114, 359962823], [1019974286, 266011106, 27332620], [1809416085, 1626753532, 20803029], 
light-to-temperature map:
{(1397238387, 1400999811), (1523857992, 1525974173), (1736461356, 1738289874), (63667976, 174633907), (416785900, 421952134), (2927150883, 2932780550), (3522506482, 3539350501), (1590959511, 1608680261), (1019974286, 1033961414), (1610965218, 1618567592), (1047306906, 1085156732), (3012949874, 3049989330), (1945736462, 2021582686), (3482944987, 3522506482), (1139807674, 1170165087), (2456864190, 2500075936), (1419114796, 1520096568), (1830219114, 1945736462), (2433173586, 2456864190), (656697899, 660011463), (4043465396, 4080487124), (484260682, 609132400), (845603530, 851930705), (3393580008, 3417742575), (3226179567, 3339325520), (1523857992, 1568899262), (2355725650, 2377541925), (3711972661, 3760383926), (462289214, 462641179), (1170165087, 1170665023), (421952134, 440645013), (1650948541, 1682681688), (829472942, 965398685), (1050283284, 1060286336), (660011463, 804147024), (1035246377, 1047306906), (3876959163, 3919380498), (645860000, 651957621), (1293494349, 1400677132), (3355998766, 3393580008), (0, 39070448), (2449561910, 2456864190)}
[3865952749, 4063808346, 68006569], [2616072044, 2768562044, 426637018], [480630004, 53689017, 41315440], [1599136731, 361602267, 86797445], [3962578421, 3702800368, 96684951], [1038030589, 1285311986, 71701094], [103062890, 830314501, 93041488], [3304067558, 2459504093, 48019988], [1457198065, 2290729231, 59670563], [1109731683, 1973390395, 151930940], [2013172224, 496719573, 124139241], [3828710088, 3665557707, 37242661], [3710229881, 3304542931, 2872441], [196104378, 448399712, 48319861], [419510562, 2244594474, 46134757], [53689017, 2385517268, 49373873], [3042709062, 2603173918, 165388126], [3822446191, 4288382866, 6263897], [1819323112, 1091462874, 193849112], [4059263372, 3828104422, 235703924], [1288118027, 95004457, 169080038], [244424239, 1902592526, 55813184], [2223150247, 620858814, 76066751], [2299216998, 2350399794, 35117474], [3713102322, 3195199062, 109343869], [2334334472, 1383468484, 100556669], [3208097188, 2507524081, 95649837], [1516868628, 923355989, 82268103], [1261662623, 1357013080, 26455404], [3933959318, 3799485319, 28619103], [300237423, 2125321335, 119273139], [465645319, 1958405710, 14984685], [521945444, 1484025153, 418567373], [3352087546, 3307415372, 358142335], [940512817, 264084495, 97517772], [3303747025, 4294646763, 320533], [1685934176, 696925565, 133388936], [2459504093, 4131814915, 156567951], [2137311465, 1005624092, 85838782], 
temperature-to-humidity map:
{(688868832, 720601979), (490608963, 521945444), (2774660883, 2780290550), (3527617161, 3567178656), (648885509, 656487883), (774381647, 776210165), (244424239, 287568175), (2151661659, 2165648787), (101345335, 103062890), (561778283, 606819553), (465645319, 480630004), (2178994279, 2216844105), (2434891141, 2456864190), (1818481553, 1819323112), (3352087546, 3383997694), (1261662623, 1288118027), (2304542854, 2326359129), (1288118027, 1367747477), (1659486598, 1678179477), (1516868628, 1558911324), (3744082827, 3822446191), (2369980784, 2434891141), (1654320364, 1659486598), (628879802, 646600552), (231965348, 244424239), (1046212952, 1109731683), (1109731683, 1157923974), (2860459874, 2897499330), (2258989332, 2262302896), (2348104375, 2351865799), (2456864190, 2459504093), (2248151433, 2254249054), (830314501, 923355989), (3971750714, 4020161979), (4108118113, 4150539448), (2334334472, 2351543120), (561778283, 563894464), (3438252182, 3462414749), (4274624346, 4294967296), (1685934176, 1793155635), (3567178656, 3584022675), (3865952749, 3882631527), (287568175, 300237423), (3304542931, 3307415372), (209993880, 210345845), (118351919, 124679094), (0, 39070448), (2013172224, 2125585051), (2262302896, 2299216998), (2449561910, 2456864190), (3400670940, 3438252182), (1898025325, 1898525261), (521945444, 558016859), (3304067558, 3344639401), (1867667912, 1898025325), (2166933750, 2178994279), (2181970657, 2191973709), (868139405, 940512817)}
[2525510952, 4040864698, 34240748], [1172773874, 1429440708, 136557574], [3672435146, 2980234049, 58823724], [2028619121, 3160839830, 203053616], [1145655046, 1211029516, 27118828], [933106075, 308278269, 212548971], [3601566245, 4075105446, 70868901], [789271449, 580000804, 102238736], [2559751700, 2800653985, 143129012], [4111965498, 3751550875, 181132833], [2739331764, 1587093819, 230953484], [3811900561, 3956484639, 84380059], [354926437, 520827240, 17525539], [1681229333, 2587104456, 188807564], [3011501833, 3039057773, 121782057], [1870036897, 1915163614, 158582224], [3756000835, 1859263888, 55899726], [932513834, 722519986, 592241], [1615202331, 3685523873, 66027002], [3479806900, 2073745838, 85897129], [3330813951, 4145974347, 148992949], [1340884700, 985915934, 79300665], [2970285248, 1818047303, 41216585], [2231672737, 2159642967, 194069212], [2425741949, 3555777393, 99769003], [1309331448, 1329626698, 31553252], [4293098331, 3683654908, 1868965], [3711019, 1238148344, 91478354], [1274616, 538352779, 2436403], [1420185365, 1065216599, 145812917], [3920081551, 3363893446, 191883947], [480993180, 0, 308278269], [2702880712, 2943782997, 36451052], [3731258870, 2775912020, 24741965], [1587093819, 3655546396, 28108512], [893302212, 540789182, 39211622], [95189373, 726178870, 259737064], [3565704029, 2551242240, 35862216], [412732422, 1361179950, 68260758], [891510185, 724386843, 1792027], [372451976, 682239540, 40280446], [0, 723112227, 1274616], [3896280620, 3932683708, 23800931], [3133283890, 2353712179, 197530061], 
humidity-to-location map:
{(2231672737, 2237678557), (3330813951, 3335379052), (725417419, 768561355), (2619557589, 2656597045), (3731258870, 3735637400), (3827166636, 3875577901), (1968045507, 2028619121), (2406364242, 2423572890), (2251024049, 2288873875), (2254000427, 2264003479), (2219866837, 2231672737), (2437143212, 2453987231), (599345099, 605672274), (690987060, 691339025), (354926437, 356044641), (3794762272, 3795262208), (2238963520, 2251024049), (2811724543, 2830417422), (712958528, 725417419), (199325004, 292366492), (2171846849, 2212418692), (480993180, 520063628), (2806558309, 2811724543), (1420185365, 1464700449), (4111965498, 4182860814), (1464700449, 1512892740), (1329626698, 1361179950), (858156154, 865758528), (1868785760, 1870036897), (1401181718, 1420185365), (1673761285, 1681229333), (3634578912, 3672435146), (2331019102, 2334332666), (2320181203, 2326278824), (3479806900, 3531646113), (237149908, 309523320), (3236435901, 3239075804), (914291313, 916407494), (27225298, 53680702), (3920081551, 3940185799), (2420134145, 2423895569), (3994440287, 4018602854), (3459463950, 3479806900), (379081268, 410814415), (356044641, 372451976), (838150447, 855871197), (1115436769, 1145655046), (2172322222, 2175194663), (2425741949, 2437143212), (143392150, 145220668), (4083805266, 4111965498), (3149552495, 3214462852), (53680702, 95189373), (4226367372, 4243046150), (3557722721, 3565704029), (893302212, 910529889), (789271449, 816090198), (2970719498, 2971561057), (768561355, 781230603), (2376572624, 2398388899), (412732422, 419299949), (3229133621, 3236435901), (3214462852, 3236435901), (1090473125, 1105457810), (582338515, 584056070), (3956859045, 3994440287), (1260201794, 1302244490), (914291313, 932513834), (2334332666, 2371246768), (1274616, 3711019), (3764404859, 3794762272), (2838172121, 2945393580)}
[336111500, 322846342, 55397842], [2962363611, 3376743865, 33807507], [4250847842, 2163193754, 44119454], [469501284, 127468580, 63980122], [1032693818, 378244184, 79733425], [3871177792, 3042351810, 39271181], [2428047529, 2368475416, 534316082], [235472086, 0, 100639414], [3456383839, 3147184786, 16165063], [3102881240, 3307715413, 69028452], [391509342, 1834229460, 77991942], [2996171118, 2161270365, 1923389], [2371444946, 4238364713, 56602583], [3616898378, 3105565928, 41618858], [3910448973, 3971234589, 267130124], [4177579097, 2332870750, 35604666], [3472548902, 3256633041, 51082372], [3171909692, 2207313208, 125557542], [1412407688, 1334415746, 499813714], [4213183763, 2983191203, 37664079], [1112427243, 457977609, 299980445], [2998094507, 3797123689, 104786733], [2271924206, 3732981386, 64142303], [3523631274, 3081622991, 23942937], [2336066509, 3020855282, 21496528], [0, 100639414, 26829166], [3547574211, 3901910422, 69324167], [26829166, 1125772826, 208642920], [2161270365, 2902791498, 80399705], [664879046, 757958054, 367814772], [533481406, 191448702, 131397640], [2241670070, 3226378905, 30254136], [3658517236, 3410551372, 212660556], [2357563037, 3212496996, 13881909], [3346614381, 3623211928, 109769458], [3297467234, 3163349849, 49147147], 
{(368191595, 369309799), (2436144737, 2457961012), (2479706258, 2483467682), (262697384, 289152788), (236746702, 239183105), (579182612, 651556024), (3933654671, 3957817238), (2679129702, 2716169158), (3196269221, 3202275041), (2251727066, 2254366969), (4179041013, 4213183763), (4165581756, 4177579097), (2303347679, 2333705092), (4051179882, 4122075198), (4177579097, 4179041013), (3602522834, 3616898378), (3215620533, 3253470359), (2897744234, 2962363611), (1412407688, 1439171892), (1345436694, 1345788659), (3028137454, 3076548719), (2871296656, 2889989535), (2866130422, 2871296656), (2229198365, 2230039924), (2371444946, 2376126383), (4259500937, 4294967296), (485424854, 487253372), (1479173660, 1498177307), (1367408162, 1379867053), (821212305, 839434826), (2244424786, 2251727066), (2359528893, 2371444946), (2485314062, 2496715325), (1067182056, 1073749583), (541357708, 634399196), (1135442814, 1174513262), (1236788149, 1238505704), (426065642, 427316779), (2465936355, 2483145003), (1033530902, 1065264049), (2496715325, 2513559344), (997394117, 1012378802), (3910448973, 3933654671), (3458751548, 3472548902), (2241670070, 2251727066), (2333705092, 2334205028), (3218596911, 3228599963), (161258134, 203300830), (821212305, 823328486), (3707429814, 3727772764), (2271924206, 2274580220), (230683038, 235472086), (1022357761, 1032693818), (1379867053, 1412407688), (2161270365, 2203872447), (3297467234, 3346614381), (3125979778, 3130544879), (1968045507, 2028619121), (675482347, 688151595), (800223204, 817450881), (4259976310, 4262848751), (3454661323, 3456383839), (3171909692, 3177015176), (3295615586, 3297467234), (1542692391, 1590884682), (1498177307, 1542692391), (369309799, 385717134), (1253794733, 1260121908), (664879046, 675482347), (4023019650, 4051179882), (289152788, 330661459), (3284777687, 3290875308), (3805688585, 3813669893), (3727772764, 3779611977), (3203560004, 3215620533), (3565745340, 3585849588), (765077146, 772679520), (3184463321, 3196269221), (696192441, 723011190), (3357981365, 3395837599), (745071439, 762792189), (26829166, 46711386), (2357563037, 2359528893), (1751753227, 1759221275), (2428047529, 2430818881)}
[3450687144, 1997031321, 128004903], [3578692047, 2191963845, 124716253], [2970872896, 1200387958, 479814248], [2232050638, 3729111357, 565855939], [2797906577, 2125036224, 66927621], [3703408300, 2316680098, 55200017], [2864834198, 1094349260, 106038698], [4075437432, 3563861184, 165250173], [3758608317, 1680202206, 316829115], [4240687605, 3509581493, 54279691], [1094349260, 2371880115, 1137701378], 
(26829166, 46711386)
