seed-to-soil map:
{(291763704, 469662165), (1554280164, 1770531522), (1219676803, 1229679855), (494259693, 891614103), (3489262449, 3711513017), (1284963, 13845428), (2917625223, 3177970305), (3900312676, 3905942343), (2315397239, 2643126952), (136674754, 243857537)}

soil-to-fertilizer map:
{(3900312676, 3905942343), (2315397239, 2643126952), (136674754, 243857537), (1284963, 13845428), (291763704, 469662165), (1219676803, 1229679855), (494259693, 891614103), (1554280164, 1770531522), (3489262449, 3711513017), (2917625223, 3177970305)}
[1462304392, 3134705245, 20323420], [2369951669, 1808609868, 146258352], [1199516138, 3711161052, 116605441], [3872593248, 2347130386, 76600951], [1396621260, 4161708886, 65683132], [1864536239, 3101543150, 33162095], [3622783763, 1954868220, 45665001], [3335099272, 1004561505, 214878832], [3949194199, 3566619565, 111511702], [4060705901, 1494770107, 36585890], [910271444, 3030771176, 70771974], [3709721314, 2000533221, 47790630], [0, 262295201, 34634737], [1482627812, 2425559855, 249576539], [3549978104, 3678131267, 33029785], [34634737, 296929938, 32680007], [2601725586, 1531355997, 196754190], [3214946102, 1494732376, 37731], [3583007889, 3526843691, 39775874], [4242541326, 4227392018, 9367058], [413310490, 329609945, 44648194], [4251908384, 3483784779, 43058912], [1732204351, 2699317952, 132331888], [4240712808, 2423731337, 1828518], [1897698334, 3827766493, 333942393], [329609945, 374258139, 83700545], [67314744, 0, 262295201], [3757511944, 4236759076, 58208220], [3107090406, 1260712887, 107855696], [981043418, 749361185, 218472720], [1316121579, 1728110187, 80499681], [875524978, 2831649840, 34746466], [2250966941, 2228145658, 118984728], [4097291791, 2887350159, 143421017], [3308672572, 2866396306, 20953853], [3329626425, 2142012590, 617503], [2516210021, 2142630093, 85515565], [3668448764, 1219440337, 41272550], [749361185, 1368568583, 126163793], [3815720164, 3426911695, 56873084], [2798479776, 967833905, 36727600], [2835207376, 3155028665, 271883030], [3330243928, 2694462608, 4855344], [3214983833, 2048323851, 93688739], [2231640727, 2675136394, 19326214], 
fertilizer-to-water map:
{(2624649753, 2798479776), (3526843691, 3678131267), (4240712808, 4242541326), (981043418, 1123296336), (1316121579, 1358542914), (2338218522, 2369951669), (457958684, 469662165), (3030771176, 3155028665), (4257386054, 4294967296), (203989498, 311172281), (4127566855, 4240712808), (1199516138, 1199868103), (34634737, 67314744), (3549978104, 3583007889), (3668685230, 3678688282), (2835207376, 2858149016), (1970244517, 1975874184), (2347130386, 2423731337), (329609945, 413310490), (494259693, 749361185), (1482627812, 1700194909), (413310490, 457958684), (29468503, 34634737), (68599707, 81160172)}
[4030567818, 2276513849, 264399478], [977170923, 987370593, 21321249], [998492172, 976034409, 11336184], [2057563716, 1221487606, 435495557], [1389184545, 2619909475, 29536016], [2493059273, 3079182441, 511127728], [1497716709, 3590310169, 321844574], [3339232550, 1835003373, 284360148], [0, 917476167, 58558242], [4006405251, 2649445491, 24162567], [3182207211, 2119363521, 157025339], [1221487606, 2673608058, 167696939], [212683490, 0, 763350919], [1418720561, 2540913327, 78996148], [3623592698, 3912154743, 382812553], [976034409, 1008691842, 1136514], [58558242, 763350919, 154125248], [3004187001, 1656983163, 178020210], [2057438727, 2276388860, 124989], [1819561283, 2841304997, 237877444], 
water-to-light map:
{(3474473694, 3480103361), (242151993, 247318227), (2009027462, 2057438727), (1383086924, 1389184545), (281283197, 293843662), (2940720523, 3004187001), (2152197689, 2194619024), (2963854936, 2996884721), (3952150763, 3953979281), (3839004810, 3952150763), (1221487606, 1346359324), (1199516138, 1199868103), (1393924823, 1418720561), (4101184355, 4177785306), (1497716709, 1585537807), (670642174, 682345655), (4092272491, 4124005638), (1576091770, 1586094822), (416672988, 523855771), (2493059273, 2568905497), (987370593, 1123296336), (1003501181, 1009828356), (542293435, 625993980), (247318227, 279998234), (2318703922, 2493059273), (3968824009, 4006405251), (1819561283, 1836405302), (3004187001, 3047398747), (625993980, 670642174), (706943183, 962044675), (4006405251, 4030567818)}
[1085156732, 1443065767, 85008355], [174633907, 0, 77740491], [1568899262, 1421005518, 22060249], [4185237603, 4248557616, 46409680], [660011463, 817909114, 359962823], [1520096568, 1397238387, 3761424], [1590959511, 1400999811, 20005707], [4231647283, 3500624718, 63320013], [0, 643275207, 174633907], [1830219114, 2377541925, 1123082793], [252374398, 77740491, 188270615], [1047306906, 1573115392, 37849826], [2953301907, 3563944731, 141178428], [3828418017, 2355725650, 21816275], [1626753532, 4068077482, 180480134], [1807233666, 3705123159, 2182419], [1170165087, 293343726, 349931481], [3850234292, 2125472818, 148728292], [440645013, 1177871937, 219366450], [1019974286, 266011106, 27332620], [4080487124, 1647556561, 104750479], [3094480335, 3707305578, 360771904], [3998962584, 2274201110, 81524540], [3455252239, 1752307040, 373165778], [1523857992, 1528074122, 45041270], [1809416085, 1626753532, 20803029], 
light-to-temperature map:
{(3522506482, 3539350501), (829472942, 965398685), (2393397712, 2456864190), (462289214, 462641179), (3355998766, 3393580008), (2927150883, 2932780550), (1830219114, 1945736462), (1047306906, 1059729321), (1659860405, 1736461356), (1650948541, 1682681688), (645860000, 651957621), (845603530, 851930705), (1419114796, 1502815341), (1293494349, 1400677132), (1050283284, 1060286336), (421952134, 440645013), (4043465396, 4080487124), (660011463, 804147024), (1590959511, 1608680261), (1397238387, 1400999811), (2416532125, 2449561910), (0, 27366967), (1139807674, 1170165087), (3876959163, 3919380498), (1523857992, 1568899262), (416785900, 421952134), (1945736462, 2021582686), (1502815341, 1520096568), (3339325520, 3341154038), (2456864190, 2500075936), (3393580008, 3417742575), (63667976, 174633907), (484260682, 609132400), (27366967, 39070448), (3828418017, 3850234292), (3711972661, 3760383926), (1019974286, 1033961414), (1035246377, 1047306906), (3226179567, 3339325520), (1170165087, 1170665023), (656697899, 660011463)}
[3208097188, 2507524081, 95649837], [3828710088, 3665557707, 37242661], [3042709062, 2603173918, 165388126], [300237423, 2125321335, 119273139], [1288118027, 95004457, 169080038], [480630004, 53689017, 41315440], [53689017, 2385517268, 49373873], [3933959318, 3799485319, 28619103], [1109731683, 1973390395, 151930940], [2223150247, 620858814, 76066751], [2137311465, 1005624092, 85838782], [103062890, 830314501, 93041488], [1038030589, 1285311986, 71701094], [1261662623, 1357013080, 26455404], [3303747025, 4294646763, 320533], [2013172224, 496719573, 124139241], [196104378, 448399712, 48319861], [521945444, 1484025153, 418567373], [940512817, 264084495, 97517772], [419510562, 2244594474, 46134757], [1819323112, 1091462874, 193849112], [3962578421, 3702800368, 96684951], [465645319, 1958405710, 14984685], [3713102322, 3195199062, 109343869], [1599136731, 361602267, 86797445], [4059263372, 3828104422, 235703924], [2334334472, 1383468484, 100556669], [2459504093, 4131814915, 156567951], [244424239, 1902592526, 55813184], [3304067558, 2459504093, 48019988], [3822446191, 4288382866, 6263897], [1685934176, 696925565, 133388936], [1457198065, 2290729231, 59670563], [2616072044, 2768562044, 426637018], [1516868628, 923355989, 82268103], [3865952749, 4063808346, 68006569], [3710229881, 3304542931, 2872441], [3352087546, 3307415372, 358142335], [2299216998, 2350399794, 35117474], 
temperature-to-humidity map:
{(540735632, 558016859), (2262302896, 2299216998), (2151661659, 2165648787), (1685934176, 1793155635), (1046212952, 1109731683), (4059576967, 4081393242), (521945444, 540735632), (2369980784, 2434891141), (2334334472, 2351543120), (1288118027, 1367747477), (868139405, 940512817), (628879802, 646600552), (2178994279, 2191416694), (84703874, 103062890), (2258989332, 2262302896), (1659486598, 1678179477), (4108118113, 4150539448), (2774660883, 2780290550), (3865952749, 3882631527), (3710229881, 3713102322), (3383997694, 3385826212), (3352087546, 3383997694), (688868832, 720601979), (2456864190, 2459504093), (27366967, 39070448), (2248151433, 2254249054), (2434891141, 2456864190), (465645319, 480630004), (1516868628, 1558911324), (209993880, 210345845), (3744082827, 3822446191), (3304067558, 3344639401), (1261662623, 1288118027), (244424239, 287568175), (1654320364, 1659486598), (1818481553, 1819323112), (3438252182, 3462414749), (2166933750, 2178994279), (3567178656, 3584022675), (830314501, 923355989), (1898025325, 1898525261), (61569461, 103062890), (697780696, 774381647), (3400670940, 3438252182), (561778283, 606819553), (2434891141, 2449561910), (2348104375, 2351865799), (231965348, 244424239), (1109731683, 1157923974), (287568175, 300237423), (118351919, 124679094), (490608963, 521945444), (0, 27366967), (1867667912, 1898025325), (2013172224, 2125585051), (4274624346, 4294967296), (2181970657, 2191973709), (3971750714, 4020161979)}
[932513834, 722519986, 592241], [372451976, 682239540, 40280446], [412732422, 1361179950, 68260758], [3711019, 1238148344, 91478354], [891510185, 724386843, 1792027], [3479806900, 2073745838, 85897129], [2525510952, 4040864698, 34240748], [2425741949, 3555777393, 99769003], [1274616, 538352779, 2436403], [3011501833, 3039057773, 121782057], [2559751700, 2800653985, 143129012], [1615202331, 3685523873, 66027002], [2739331764, 1587093819, 230953484], [3330813951, 4145974347, 148992949], [893302212, 540789182, 39211622], [3672435146, 2980234049, 58823724], [95189373, 726178870, 259737064], [2028619121, 3160839830, 203053616], [3133283890, 2353712179, 197530061], [2702880712, 2943782997, 36451052], [1172773874, 1429440708, 136557574], [2970285248, 1818047303, 41216585], [3565704029, 2551242240, 35862216], [0, 723112227, 1274616], [354926437, 520827240, 17525539], [933106075, 308278269, 212548971], [1145655046, 1211029516, 27118828], [3601566245, 4075105446, 70868901], [3811900561, 3956484639, 84380059], [3756000835, 1859263888, 55899726], [3731258870, 2775912020, 24741965], [1420185365, 1065216599, 145812917], [1587093819, 3655546396, 28108512], [3920081551, 3363893446, 191883947], [1309331448, 1329626698, 31553252], [1340884700, 985915934, 79300665], [4293098331, 3683654908, 1868965], [1870036897, 1915163614, 158582224], [480993180, 0, 308278269], [4111965498, 3751550875, 181132833], [1681229333, 2587104456, 188807564], [3896280620, 3932683708, 23800931], [789271449, 580000804, 102238736], [2231672737, 2159642967, 194069212], 
humidity-to-location map:
{(356044641, 372451976), (199325004, 292366492), (508360147, 520063628), (3214462852, 3229133621), (3149552495, 3214462852), (3920081551, 3940185799), (3764404859, 3794762272), (565697054, 584056070), (712958528, 725417419), (2811724543, 2830417422), (1090473125, 1105457810), (690987060, 691339025), (379081268, 410814415), (3330813951, 3335379052), (3459463950, 3479806900), (354926437, 356044641), (542562641, 584056070), (2320181203, 2326278824), (3731258870, 3735637400), (95189373, 143392150), (2544223221, 2559751700), (3657469, 3711019), (53680702, 95189373), (2254000427, 2264003479), (2219866837, 2231672737), (3994440287, 4018602854), (3214462852, 3236435901), (3557722721, 3565704029), (722519986, 726178870), (768561355, 781230603), (2838172121, 2945393580), (237149908, 309523320), (3956859045, 3994440287), (412732422, 419299949), (2970719498, 2971561057), (1464700449, 1512892740), (1115436769, 1145655046), (3827166636, 3875577901), (1260201794, 1302244490), (480993180, 508360147), (3479806900, 3531646113), (3601566245, 3607854041), (3236435901, 3239075804), (4111965498, 4182860814), (2238963520, 2251024049), (27225298, 53680702), (1968045507, 2028619121), (2331019102, 2334332666), (2251024049, 2263446464), (1673761285, 1681229333), (2334332666, 2371246768), (599345099, 605672274), (4226367372, 4243046150), (387993132, 412732422), (3794762272, 3795262208), (2420134145, 2423895569), (2406364242, 2423572890), (914291313, 932513834), (1639908339, 1642780780), (1274616, 3657469), (2171846849, 2212418692), (893302212, 910529889), (2437143212, 2453987231), (1309331448, 1340884700), (2231672737, 2237678557), (2806558309, 2811724543), (1420185365, 1464700449), (3634578912, 3672435146), (838150447, 855871197), (3940185799, 3942014317), (725417419, 768561355), (789271449, 816090198), (1401181718, 1420185365), (1868785760, 1870036897)}
[26829166, 1125772826, 208642920], [2998094507, 3797123689, 104786733], [664879046, 757958054, 367814772], [3297467234, 3163349849, 49147147], [2271924206, 3732981386, 64142303], [533481406, 191448702, 131397640], [3472548902, 3256633041, 51082372], [3658517236, 3410551372, 212660556], [3871177792, 3042351810, 39271181], [1032693818, 378244184, 79733425], [4250847842, 2163193754, 44119454], [469501284, 127468580, 63980122], [2428047529, 2368475416, 534316082], [336111500, 322846342, 55397842], [3523631274, 3081622991, 23942937], [3456383839, 3147184786, 16165063], [3346614381, 3623211928, 109769458], [2996171118, 2161270365, 1923389], [2336066509, 3020855282, 21496528], [1412407688, 1334415746, 499813714], [0, 100639414, 26829166], [2371444946, 4238364713, 56602583], [3102881240, 3307715413, 69028452], [2161270365, 2902791498, 80399705], [2357563037, 3212496996, 13881909], [2241670070, 3226378905, 30254136], [4213183763, 2983191203, 37664079], [4177579097, 2332870750, 35604666], [235472086, 0, 100639414], [3910448973, 3971234589, 267130124], [391509342, 1834229460, 77991942], [3547574211, 3901910422, 69324167], [1112427243, 457977609, 299980445], [3616898378, 3105565928, 41618858], [3171909692, 2207313208, 125557542], [2962363611, 3376743865, 33807507], 
{(2271924206, 2274580220), (26829166, 46711386), (3805688585, 3813669893), (3357981365, 3395837599), (1479173660, 1498177307), (2359528893, 2371444946), (4051179882, 4122075198), (1220146688, 1238505704), (2333705092, 2334205028), (3933654671, 3957817238), (161258134, 203300830), (1542692391, 1590884682), (4165581756, 4177579097), (997394117, 1012378802), (2241670070, 2251727066), (239129555, 239183105), (289152788, 330661459), (1968045507, 2028619121), (800223204, 817450881), (2428047529, 2430818881), (2603795334, 2619323813), (2357563037, 2359528893), (4179041013, 4213183763), (1367408162, 1379867053), (1376969620, 1380628504), (3163349849, 3212496996), (469501284, 485424854), (3203560004, 3215620533), (2496715325, 2513559344), (2161270365, 2203872447), (3565745340, 3585849588), (745071439, 762792189), (3910448973, 3933654671), (236746702, 239129555), (1042442766, 1067182056), (1412407688, 1418876642), (1162809781, 1174513262), (3196269221, 3202275041), (3585849588, 3587678106), (4177579097, 4179041013), (3215620533, 3228042948), (426065642, 427316779), (2229198365, 2230039924), (1253794733, 1260121908), (1197012275, 1238505704), (3184463321, 3196269221), (3295615586, 3297467234), (541357708, 634399196), (4259500937, 4294967296), (1751753227, 1759221275), (3602522834, 3616898378), (3028137454, 3076548719), (3218596911, 3228599963), (579182612, 651556024), (3458751548, 3472548902), (664879046, 675482347), (1498177307, 1542692391), (330661459, 336111500), (2871296656, 2889989535), (1345436694, 1345788659), (2897744234, 2962363611), (1135442814, 1162809781), (3727772764, 3779611977), (2241670070, 2244424786), (262697384, 289152788), (2479706258, 2483467682), (821212305, 839434826), (696192441, 723011190), (1067182056, 1073749583), (1033530902, 1065264049), (2866130422, 2871296656), (210387788, 235472086), (3707429814, 3727772764), (2465936355, 2483145003), (3125979778, 3130544879), (369309799, 385717134), (3171909692, 3177015176), (2251727066, 2254366969), (3284777687, 3290875308), (675482347, 688151595), (3849532109, 3855819905), (368191595, 369309799), (1717900281, 1720772722), (0, 26829166), (3454661323, 3456383839), (1379867053, 1412407688), (2371444946, 2376126383), (1022357761, 1032693818), (2303347679, 2333705092)}
[3578692047, 2191963845, 124716253], [4075437432, 3563861184, 165250173], [2970872896, 1200387958, 479814248], [2232050638, 3729111357, 565855939], [3758608317, 1680202206, 316829115], [2864834198, 1094349260, 106038698], [4240687605, 3509581493, 54279691], [1094349260, 2371880115, 1137701378], [2797906577, 2125036224, 66927621], [3703408300, 2316680098, 55200017], [3450687144, 1997031321, 128004903], 
(0, 26829166)
